[
    78399,
    78393,
    78389,
    78403,
    78372,
    78400,
    78395,
    78380,
    78407,
    78367,
    78410,
    78373,
    78398,
    78399,
    78369,
    78410,
    78375,
    78394,
    78404,
    78375,
    78401,
    78370,
    78401,
    78398,
    78380,
    78402,
    78373,
    78396,
    78402,
    78377,
    78408,
    78374,
    78401,
    78393,
    78376,
    78410,
    78363,
    78411,
    78377,
    78395,
    78403,
    78370,
    78407,
    78369,
    78399,
    78407,
    78371,
    78397,
    78371,
    78405,
    78399,
    78382,
    78397,
    78379,
    78398,
    78397,
    78374,
    78413,
    78368,
    78405,
    78386,
    78383,
    78404,
    78363,
    78416,
    78378,
    78393,
    78406,
    78366,
    78407,
    78376,
    78393,
    78404,
    78375,
    78401,
    78368,
    78403,
    78401,
    78381,
    78401,
    78375,
    78396,
    78401,
    78375,
    78409,
    78366,
    78410,
    78384,
    78386,
    78403,
    78365,
    78411,
    78376,
    78394,
    78404,
    78373,
    78404,
    78375,
    78398
]